# n_spectral n_boundary
16 256
32 256
64 256
128 256
192 256
256 256
384 256
512 256
768 256
1024 256
16 512
32 512
64 512
128 512
192 512
256 512
384 512
512 512
768 512
1024 512
16 1024
32 1024
64 1024
128 1024
192 1024
256 1024
384 1024
512 1024
768 1024
1024 1024
16 2048
32 2048
64 2048
128 2048
192 2048
256 2048
384 2048
512 2048
768 2048
1024 2048
16 4096
32 4096
64 4096
128 4096
192 4096
256 4096
384 4096
512 4096
768 4096
1024 4096
16 8192
32 8192
64 8192
128 8192
192 8192
256 8192
384 8192
512 8192
768 8192
1024 8192
